63x63
000000000000000000000000000000010000000000000000000000000000000
011111111111111111111111111111010111111111111111111111111111110
010000000000000000000000000001010100000000000000000000000000010
010111111111111111111111111101010101111111111111111111111111010
010100000000000000000000000101010101000000000000000000000001010
010101111111111111111111110101010101011111111111111111111101010
010101000000000000000000010101010101010000000000000010000101010
010101011111111111111111010101010101010111111111111011110101010
010101010000000000000001010101010101010100000100000010010101010
010101010111111111111101010101000101010101110101111111010101010
010101010100000000000101010101010101010101000100000001010101010
010101010101111111110101010101010101010101011111111101010101010
010101010101000000010101010101010101010101010000000101010101010
010101010101011111010101010101010101010101010111110101010101010
010101010101010001010101010101010101010101010100000101010101010
010101010101010101010101010101010101010101000101011101010101010
010101010101010001010101010101010101010101011100010001010101010
010101010101011111010101010101010101010101010101110101010101010
010101010101000000010101010101010101010101010000000101010101010
010101010101111111110101010101010001010101011111111101010101010
010101010100000000000101010101010101010101000000000001010101010
010101010111111111111101010101010101010101111111111111010101010
010101010000000000000001010101010101010100000000000000010101010
010101011111111111111111010101010101010111111111111111110101010
010101000001000000000000010101010101010000000000000000000101010
010101111111011111111111110101111101011111111111111111111101010
111100000001000000000000000101000101010000000000001000000001010
000111111101110111111111111101010101110111111111101011111111010
010100000000010000001000000001010100000001000000001000000000010
011101111111011111101111111101010111111111011111111111101111111
000100000001000000001000000001010000000000010000000000000000000
110111111101111111111011111111011111111111111111111111111111110
000100000001000000000010000000010000000000000000000000000000000
011101111111011111111110111111110111111111111111111111111111110
010000000000000010000000000001000100000000000000000000000000010
010111111111111010111111111101010101111111111111111111111111010
010100001000000010000000000101010101000000000000000000000001010
010101111011111111111111110101010101011111111111111111111101010
010101000000000000010000010101010101010000000000000000000101010
010101011111111111110111010101010101010111111111111111110101010
010101010000000000010001010101010101010100000000000000010101000
010100010111111111111101010101010101010101111111111111010101111
010101010100000000000101010101010101010101000000000001010101000
010101010101111111110101010100010101010101011111111101010101010
010101010101000000010101010111110101010101010000000101010101010
010101010101011111010101010100010101010101010111110101010101010
010101010100010000010001010101010101010101010100010101010101010
010101110111010101111101010101010101010101010101010101010101010
000100010001010001000101010101010101010101010100010101010101010
010111011101011011010101010101010101010101010111110101010101010
010101000101010000010101010101010101010101010000000101010100010
110101010101111111110101010101010101010101011111111101010111110
000100010100000000000101010101010100010101000000000001010100010
011111010111111110111101010101010101010101111111111111010101010
010001010001000000110001000101010101010100000000000000010101010
010101011101111111111111010101010101010111111111111111110101010
010101000100000000000000010101000101010000000000000000000101000
010101110111111111111111110101011101011111111111111111111101010
010100010000000000010000000101010001000000000000000100000001010
010111111111111111011111111101010111111111111110111101111111010
010000000000000001000000000001010100000000000000100001000000010
011111111101011111111111111111110101111111111111101111111111111
000000000001000000000000000000000100000000000000100000000000000
